relative moves: [[2, 2], [3, 0], [2, -2], [0, -3], [-2, -2], [-3, 0], [-2, 2], [0, 3]]
+------+------+------+------+------+------+------+------+------+------+
|   1     49     73     70     90     80     71     91     79     84    |
|  75     62     97     76     63     96     77     82     95     87    |
|  17     69      2     50     72     59     93     85     66     92    |
|  98     48     74     61     89     81     64     88     78     83    |
|  34     26     18     68      3     51     67     58     94     86    |
|  16     29     99     47     37     60     21     43     65     54    |
|   8     13     35     27     19     41      4     52     40     57    |
|  33     25     10     30    100     46     38     55     22     44    |
|  15     28      7     14     36      6     20     42      5     53    |
|   9     12     32     24     11     31     23     45     39     56    |
+------+------+------+------+------+------+------+------+------+------+

finished, solution found.
running time: 00:00:22.354

########################################################################################################

relative moves: [[2, -2], [0, -3], [-2, -2], [-3, 0], [-2, 2], [0, 3], [2, 2], [3, 0]]
+------+------+------+------+------+------+------+------+------+------+
|   1     26     23      2     27     24     72     41     50     73    |
|  30     18      8     31     19      9     60     80     77     59    |
|  22      3     28     25      4     40     49     74     71     42    |
|   7     32     20     10     33     81     78     58     51     79    |
|  29     17      5     39     48     75     61     43     76     91    |
|  21     11     34     82     12     57     52     89     70    100    |
|   6     38     47     65     62     44     68     92     97     87    |
|  35     16     13     36     53     83     95     56     84     90    |
|  46     66     63     45     67     64     98     88     69     99    |
|  14     37     54     15     94     55     85     93     96     86    |
+------+------+------+------+------+------+------+------+------+------+

finished, solution found.
running time: 00:00:00.158

########################################################################################################

relative moves: [[-2, 2], [0, 3], [2, 2], [3, 0], [2, -2], [0, -3], [-2, -2], [-3, 0]]
+------+------+------+------+------+------+------+------+------+------+
|   1     89     84      2     88     85      3     24     86      4    |
|  92     97    100     91     96     50     53     37     49     52    |
|  81     75     94     80     46     23     87     45     22     25    |
|  99     90     83     98     54     36     48     51     35      5    |
|  93     79     58     74     95     44     21     38     43     20    |
|  82     76     69     63     47     70     34     11     16     26    |
|  57     73     66     78     55     39     42     19     29      6    |
|  68     62     59     71     33     10     15     32      9     12    |
|  65     77     56     64     41     18     28     40     17     27    |
|  60     72     67     61     14     31      8     13     30      7    |
+------+------+------+------+------+------+------+------+------+------+

finished, solution found.
running time: 00:00:00.403

########################################################################################################

+------+------+------+------+------+------+------+
|   1     44      9      2     45     12     23    |
|  28     18     39     27     17     38     26    |
|  10      5     30     11     24      3     46    |
|  34     43      8     33     40     13     22    |
|  29     19     36      4     16     37     25    |
|  49      6     31     48      7     32     47    |
|  35     42     15     20     41     14     21    |
+------+------+------+------+------+------+------+

finished, solution found.
running time: 00:00:00.295

Process finished with exit code 0